nodes	ndep	nstat	ncus	speed1	speed2	nv1	nv2	stv1	stv2	Q	T	dl	ft	cv1	cv2
213	3	10	200	25	6	4	6	1	1	1400	60	5	30	0.2	0.5
No.	x-cord	y-cord
0	-5.63728	-4.86489	
1	7.13022	1.6009	
2	1.84517	5.80619	
No.	x-cord	y-cord
203	-6.35263	-2.21506	
204	2.99496	-4.51692	
205	-0.146069	2.26473	
206	0.0412563	-0.803027	
207	2.8513	4.91843	
208	-0.289757	4.47089	
209	-2.26339	-4.73377	
210	-2.50295	-6.37924	
211	1.92644	-5.3505	
212	0.30041	0.135053	
No.	p-weight	x-cord	y-cord	t-start	t-stop
3	7.68	0.916538	0.645216	16020	23220
4	0.25	1.05496	0.144326	15840	23040
5	1.49	-0.56412	-0.334811	23040	30240
6	0.47	0.0752639	-0.0960146	27180	34380
7	6.38	-1.87991	-1.50172	19320	26520
8	7.42	0.132347	0.542345	3300	10500
9	6.85	-0.480938	-0.934827	16260	23460
10	4.89	1.26547	0.636658	28560	35760
11	6.6	-0.155278	0.7268	19920	27120
12	2.29	-0.434957	0.168557	3600	10800
13	4.68	-0.105625	-0.368076	10440	17640
14	6.85	1.5347	-6.8169	2040	9240
15	1.81	1.04909	-1.553	23400	30600
16	6.7	-0.134362	-0.293434	11400	18600
17	6.17	0.667687	0.969503	7080	14280
18	2.56	0.989712	-0.473307	20880	28080
19	4.55	-0.352746	1.11732	8280	15480
20	5.65	-0.863533	0.361521	9540	16740
21	5.67	0.952241	-0.341688	720	7920
22	4.82	0.128167	-0.0949984	11460	18660
23	4.7	1.12151	0.16257	26760	33960
24	7.99	0.928185	-3.33995	12420	19620
25	3.58	3.00031	-4.82735	20100	27300
26	4.02	0.442093	-0.241562	14880	22080
27	4.03	-1.03187	-2.30038	27540	34740
28	4.44	0.822764	-0.514261	21720	28920
29	1.27	1.16363	0.827007	540	7740
30	3.08	-0.917881	4.8825	3480	10680
31	7.1	0.525015	0.125128	8040	15240
32	6.33	-1.04411	0.627018	17400	24600
33	0.56	-2.23111	0.447857	27180	34380
34	4.2	0.167838	-1.81858	28500	35700
35	5.29	-0.108207	1.28501	5460	12660
36	7.83	-0.450021	0.465269	12960	20160
37	5.52	-0.11902	-0.000739446	4860	12060
38	4.19	0.0319085	-0.116565	18420	25620
39	4.06	0.574089	-0.817973	14520	21720
40	7.34	1.95717	-0.997374	21420	28620
41	7.96	0.702537	-0.267946	14640	21840
42	2.88	-0.716399	2.41824	9300	16500
43	2.19	2.6894	1.75238	3180	10380
44	4.79	-0.605251	2.32138	24540	31740
45	1.94	-1.72726	-1.19852	24840	32040
46	7.69	0.289534	-0.591956	6960	14160
47	4.48	2.29247	1.30327	12480	19680
48	7.22	1.90955	2.16646	24660	31860
49	2.98	2.61293	-2.10269	3300	10500
50	2.93	-0.0609811	0.402833	1680	8880
51	4.48	1.15307	-0.234715	2340	9540
52	0.22	1.6854	1.08192	960	8160
53	4.44	-0.189106	-0.0125263	600	7800
54	5.72	-1.47464	0.0658099	4740	11940
55	1.29	1.96454	-4.69836	17400	24600
56	7.04	-4.42463	-5.76326	12300	19500
57	0.33	0.0383068	0.0286537	17100	24300
58	2.06	-0.0729669	0.10843	12240	19440
59	0.43	0.321406	1.25666	14520	21720
60	2.81	-1.56699	-0.260462	16740	23940
61	6.82	1.12772	0.205399	2340	9540
62	3.63	-1.88894	0.98733	2400	9600
63	6.76	-0.244802	-1.5336	720	7920
64	3.6	-0.516963	0.512711	13680	20880
65	0.81	-1.94277	-0.899254	18900	26100
66	1.78	-2.55246	0.220348	300	7500
67	2.15	0.763821	2.67024	14940	22140
68	4.12	0.269592	-0.224592	5340	12540
69	0.21	-2.16865	1.27687	16500	23700
70	4.97	2.10388	0.143245	25200	32400
71	0.63	2.4226	1.74577	420	7620
72	7.67	-1.61131	-0.149649	14820	22020
73	7.74	2.60316	-0.84336	10020	17220
74	3.13	0.284532	-0.157574	28740	35940
75	3.14	0.500098	-0.0760311	1440	8640
76	7.78	0.118134	0.184733	19080	26280
77	6.7	-1.10879	-0.465594	23580	30780
78	5.43	-2.11378	0.0314673	21720	28920
79	3.24	1.57531	-0.3632	11820	19020
80	4.79	-1.41136	0.579099	17520	24720
81	5.27	0.438078	-0.37451	15720	22920
82	1.52	0.170157	-1.35491	25440	32640
83	2.81	-0.167071	-0.524752	9960	17160
84	1.11	-1.1372	-1.68628	20520	27720
85	0.12	-0.354315	1.57546	600	7800
86	4.39	2.66883	-1.83939	4020	11220
87	2.76	2.70362	-0.325087	22020	29220
88	4.67	-0.711133	-0.48716	13200	20400
89	1.51	-1.32997	1.38244	14400	21600
90	4.45	1.51691	0.28843	10260	17460
91	4.1	-1.34389	-2.11503	7320	14520
92	0.79	-0.299226	0.858978	7560	14760
93	3.56	-0.165303	-0.891897	11820	19020
94	0.67	-1.86686	-1.62002	15780	22980
95	1.81	0.505012	0.0898319	6480	13680
96	1.48	0.16746	-3.11526	20100	27300
97	6.31	-0.627653	-0.733287	14100	21300
98	7.72	1.76434	-2.03347	12540	19740
99	4.6	-1.16453	0.750162	27900	35100
100	5.77	0.792062	1.02778	2340	9540
101	2.91	-0.524285	1.28589	14040	21240
102	3.39	0.512365	3.12634	27780	34980
103	0.57	-0.173041	-2.15147	26400	33600
104	3.37	2.67502	-1.05869	12060	19260
105	7.04	1.23282	1.71479	2520	9720
106	6.98	0.0978253	5.30749	480	7680
107	1.55	-0.422649	1.17512	15540	22740
108	2.81	-0.0253606	-0.0905904	1020	8220
109	0.74	-3.66421	-3.95838	6900	14100
110	4.57	1.91265	-1.8904	780	7980
111	3.3	-0.185377	1.84195	6120	13320
112	4.63	0.920707	2.39864	2220	9420
113	6.91	0.118435	0.0262578	11640	18840
114	1.62	-1.89362	-0.567003	9960	17160
115	2.79	1.3545	4.2365	2520	9720
116	3.68	-0.213065	0.141314	5880	13080
117	3.83	-0.364225	-1.55416	1440	8640
118	0.79	2.34097	-1.46016	2520	9720
119	2.04	-1.36897	-0.0259441	2940	10140
120	6.78	-2.43832	4.21597	18120	25320
121	3.54	-0.199652	0.0783319	9120	16320
122	6.78	2.33721	-2.5418	15900	23100
123	6.3	0.485617	-1.06907	12960	20160
124	3.71	-0.995289	1.89485	22140	29340
125	0.94	-0.577773	-3.64	16620	23820
126	7.06	2.53981	2.30478	10140	17340
127	7.36	-2.42245	-0.0524127	20400	27600
128	1.46	0.930768	-0.0603365	1260	8460
129	1.85	-5.59509	-2.29498	14940	22140
130	0.32	2.19546	0.737119	7800	15000
131	6.01	1.81398	-1.87884	19980	27180
132	3.79	-2.28037	0.831869	240	7440
133	3.85	-1.78972	-0.727201	14520	21720
134	0.93	-0.568222	-0.116315	13620	20820
135	2.24	0.618763	-1.39843	11820	19020
136	7.92	0.357773	0.943133	1380	8580
137	7.93	-2.36594	-1.51576	25620	32820
138	6.49	0.203566	-0.101094	7320	14520
139	3.65	1.46273	-0.867086	25020	32220
140	1.05	0.126898	0.521999	20760	27960
141	6.53	0.197744	2.0544	14040	21240
142	1.43	2.01531	0.951621	840	8040
143	4.88	0.367028	0.711831	3480	10680
144	1.09	2.40622	-0.607063	10980	18180
145	5.15	0.242687	0.170979	22440	29640
146	7.35	1.30264	0.532935	10740	17940
147	2.61	-0.0660555	1.63522	180	7380
148	1.35	-0.812865	3.06199	5700	12900
149	3.1	1.80046	-1.22209	12600	19800
150	7.02	-0.248073	0.251059	5400	12600
151	6.26	0.324837	2.07872	2160	9360
152	7.19	0.637593	-1.74652	4620	11820
153	2.85	0.32875	-0.0694663	8280	15480
154	6.67	0.931334	0.311142	23520	30720
155	4.54	0.354622	0.291295	7680	14880
156	3.69	-0.745329	-1.05852	13980	21180
157	2.84	0.223079	0.0824141	28320	35520
158	0.38	-1.53396	0.106794	27900	35100
159	6.43	-0.587456	1.17722	3060	10260
160	5.36	2.1334	0.493705	23760	30960
161	6.25	-2.53028	0.481501	360	7560
162	7.34	-1.82546	1.47265	28380	35580
163	3.84	-0.162911	-0.0233191	13980	21180
164	6.48	0.269656	-0.126876	13260	20460
165	4.69	2.4763	-0.12236	1020	8220
166	4.54	-0.248836	0.0545877	1860	9060
167	1.21	-0.238488	-1.17356	11700	18900
168	1.19	0.360815	-0.734432	14880	22080
169	5.79	1.33967	-1.15224	28140	35340
170	4.83	1.61566	1.53317	16740	23940
171	0.57	-4.2479	-0.182953	2820	10020
172	7.23	1.13623	-0.421051	13440	20640
173	5.97	-0.370203	-0.0824277	16920	24120
174	3.48	0.341481	0.329106	9600	16800
175	3.14	-0.612292	2.75709	19440	26640
176	3.5	-2.77618	3.2364	3480	10680
177	3.03	0.936299	0.0698608	18600	25800
178	0.1	1.97287	-0.652115	840	8040
179	2.32	-0.129225	-2.91501	10680	17880
180	6	-0.197023	3.20411	10320	17520
181	5.8	-1.29874	-0.921378	10140	17340
182	6.71	-0.448455	0.203746	60	7260
183	7.37	1.26488	2.69611	12300	19500
184	8	-2.16604	1.05964	10500	17700
185	0.53	-0.118807	-2.14667	10800	18000
186	3.76	2.92538	-0.96412	12000	19200
187	6.09	-0.0747362	-0.345177	19320	26520
188	2.23	4.8088	-2.88355	23520	30720
189	0.81	0.132427	-0.35906	120	7320
190	6.61	-0.705135	3.30961	24960	32160
191	1.88	-1.01681	1.23349	7020	14220
192	1.78	-0.0993764	-0.707416	11100	18300
193	5.6	-1.24592	-3.1511	15240	22440
194	5.54	-0.582982	0.566676	360	7560
195	1.76	0.886259	-0.652797	13440	20640
196	7.79	0.0745685	-0.339123	4920	12120
197	1.49	-1.21765	0.0979166	25800	33000
198	5.1	-0.994224	0.119577	23280	30480
199	2.77	1.98488	-1.03898	26940	34140
200	2.97	-1.81187	-0.00752215	13980	21180
201	7.36	-4.02775	-2.77696	6900	14100
202	7.2	-0.0139476	0.00517796	1680	8880
