nodes	ndep	nstat	ncus	speed1	speed2	nv1	nv2	stv1	stv2	Q	T	dl	ft	cv1	cv2
21	1	10	10	25	6	3	3	1	1	1400	60	5	30	0.2	0.5
No.	x-cord	y-cord
0	-3.64023	-5.40877	
No.	x-cord	y-cord
11	-0.722389	-3.31245	
12	-0.197781	2.82995	
13	2.59145	-4.23887	
14	0.713691	0.270167	
15	-0.0156512	-0.906036	
16	0.227046	-0.163742	
17	-0.582394	-3.17993	
18	-0.327946	-1.86545	
19	0.217853	6.78443	
20	-1.93153	6.40817	
No.	p-weight	x-cord	y-cord	t-start	t-stop
1	4.61	1.25408	-1.70698	9360	23760
2	2.26	1.31054	0.432199	3900	18300
3	2.03	0.627212	-0.212324	12600	27000
4	5.38	-2.07042	-2.97741	7980	22380
5	5.62	-0.0691009	-0.00180162	11640	26040
6	4.88	0.00850373	-0.0172439	10500	24900
7	5.77	-0.164689	2.25312	13620	28020
8	3.24	2.20863	-3.47039	7080	21480
9	7.51	-0.137099	-0.0012197	12060	26460
10	3.45	-0.689448	0.298299	6000	20400
