nodes	ndep	nstat	ncus	speed1	speed2	nv1	nv2	stv1	stv2	Q	T	dl	ft	cv1	cv2
22	2	10	10	25	6	3	3	1	1	1400	60	5	30	0.2	0.5
No.	x-cord	y-cord
0	6.71353	-1.39107	
1	-2.21893	-7.12925	
No.	x-cord	y-cord
12	-0.010078	0.0972145	
13	-4.42661	2.26085	
14	0.367975	0.3534	
15	6.14572	2.77583	
16	2.25539	-2.71127	
17	-1.74127	-2.49175	
18	3.93983	-3.79322	
19	4.02008	-2.0864	
20	0.98783	0.925168	
21	1.59595	1.64007	
No.	p-weight	x-cord	y-cord	t-start	t-stop
2	1.88	-0.714098	-1.54144	12420	26820
3	5.11	1.44838	-0.920209	1200	15600
4	7.92	-2.86764	-1.92968	9540	23940
5	5.39	-2.76805	-0.619938	5940	20340
6	4.14	0.475099	0.22783	2160	16560
7	1.1	-1.01342	-0.411107	8460	22860
8	1.41	0.477151	-0.994977	12780	27180
9	1.59	5.37076	-1.84469	9780	24180
10	2.63	-0.764046	2.88171	2100	16500
11	5.59	-0.448522	-1.61693	12720	27120
